WAREHOUSE 1 1 8 3 5 0 0 5 4 0 4 3 0 3 0 0 3 2 0 7 9 0 9 8 1 1 6 0 
WAREHOUSE 0 1 8 3 14 0 0 6 8 0 12 2 0 14 0 0 4 10 0 9 5 0 3 8 3 5 2 0 
DISTRICT 1 1 8 3 6 0 0 6 5 0 5 4 0 4 3 0 3 8 11 11 10 9 9 2 1 1 7 0 
DISTRICT 0 1 8 3 16 0 0 4 12 0 8 8 0 12 4 0 6 9 1 7 8 1 7 8 1 7 2 0 
CUSTOMER_LAST 1 3 8 10 9 0 0 0 0 0 0 0 0 0 12 21 0 0 0 0 0 0 0 0 6 21 0 0 0 0 0 0 0 0 17 3 21 0 0 0 0 0 0 0 2 1 21 0 0 0 0 0 0 0 21 0 0 0 0 0 0 0 0 0 21 0 0 0 0 0 0 0 0 0 21 0 0 0 0 0 0 0 0 0 10 0 0 0 0 0 0 0 0 0 21 0 0 0 0 0 0 0 0 0 21 0 0 0 0 0 0 0 0 0 21 0 0 0 0 0 0 0 0 0 21 0 0 0 0 0 0 0 0 0 21 0 0 0 0 0 0 0 0 0 21 0 0 0 0 0 0 0 0 0 21 0 0 0 0 0 0 0 0 0 21 0 0 0 0 0 0 0 0 0 21 0 0 0 0 0 0 0 0 0 21 0 0 0 0 0 0 0 0 0 21 0 0 0 0 0 0 0 0 0 21 0 0 0 0 0 0 0 0 0 21 0 0 0 0 0 0 0 0 0 21 8 7 4 0 0 0 0 0 0 4 11 16 15 13 20 18 19 14 5 
CUSTOMER_LAST 0 3 8 10 20 0 0 0 0 0 0 0 0 0 16 4 0 0 0 0 0 0 0 0 16 4 0 0 0 0 0 0 0 0 8 8 4 0 0 0 0 0 0 0 8 8 4 0 0 0 0 0 0 0 20 0 0 0 0 0 0 0 0 0 20 0 0 0 0 0 0 0 0 0 20 0 0 0 0 0 0 0 0 0 2 0 0 0 0 0 0 0 0 0 2 0 0 0 0 0 0 0 0 0 2 0 0 0 0 0 0 0 0 0 2 0 0 0 0 0 0 0 0 0 2 0 0 0 0 0 0 0 0 0 2 0 0 0 0 0 0 0 0 0 2 0 0 0 0 0 0 0 0 0 2 0 0 0 0 0 0 0 0 0 66 0 0 0 0 0 0 0 0 0 66 0 0 0 0 0 0 0 0 0 66 0 0 0 0 0 0 0 0 0 66 0 0 0 0 0 0 0 0 0 66 0 0 0 0 0 0 0 0 0 66 0 0 0 0 0 0 0 0 0 14 20 20 12 0 0 0 0 0 0 4 9 8 8 8 8 8 8 2 2 
CUSTOMER_ID 1 3 8 10 9 0 0 0 0 0 0 0 0 0 12 21 0 0 0 0 0 0 0 0 6 21 0 0 0 0 0 0 0 0 17 3 21 0 0 0 0 0 0 0 2 1 21 0 0 0 0 0 0 0 21 0 0 0 0 0 0 0 0 0 21 0 0 0 0 0 0 0 0 0 21 0 0 0 0 0 0 0 0 0 10 0 0 0 0 0 0 0 0 0 21 0 0 0 0 0 0 0 0 0 21 0 0 0 0 0 0 0 0 0 21 0 0 0 0 0 0 0 0 0 21 0 0 0 0 0 0 0 0 0 21 0 0 0 0 0 0 0 0 0 21 0 0 0 0 0 0 0 0 0 21 0 0 0 0 0 0 0 0 0 21 0 0 0 0 0 0 0 0 0 21 0 0 0 0 0 0 0 0 0 21 0 0 0 0 0 0 0 0 0 21 0 0 0 0 0 0 0 0 0 21 0 0 0 0 0 0 0 0 0 21 0 0 0 0 0 0 0 0 0 21 8 7 4 0 0 0 0 0 0 4 11 16 15 13 20 18 19 14 5 
CUSTOMER_ID 0 3 8 10 20 0 0 0 0 0 0 0 0 0 16 4 0 0 0 0 0 0 0 0 16 4 0 0 0 0 0 0 0 0 8 8 4 0 0 0 0 0 0 0 8 8 4 0 0 0 0 0 0 0 20 0 0 0 0 0 0 0 0 0 20 0 0 0 0 0 0 0 0 0 20 0 0 0 0 0 0 0 0 0 2 0 0 0 0 0 0 0 0 0 2 0 0 0 0 0 0 0 0 0 2 0 0 0 0 0 0 0 0 0 2 0 0 0 0 0 0 0 0 0 2 0 0 0 0 0 0 0 0 0 2 0 0 0 0 0 0 0 0 0 2 0 0 0 0 0 0 0 0 0 2 0 0 0 0 0 0 0 0 0 66 0 0 0 0 0 0 0 0 0 66 0 0 0 0 0 0 0 0 0 66 0 0 0 0 0 0 0 0 0 66 0 0 0 0 0 0 0 0 0 66 0 0 0 0 0 0 0 0 0 66 0 0 0 0 0 0 0 0 0 14 20 20 12 0 0 0 0 0 0 4 9 8 8 8 8 8 8 2 2 
HISTORY 1 1 8 2 8 0 8 0 8 7 7 6 5 4 4 3 3 2 2 1 
HISTORY 0 1 8 2 10 0 10 0 4 6 2 8 8 2 6 4 4 6 2 8 
ITEM 1 2 8 2 4 0 1 0 5 0 5 0 5 0 5 0 5 0 5 0 3 0 3 0 3 0 3 0 3 2 2 0 2 5 0 0 
ITEM 0 2 8 2 8 0 8 0 8 0 8 0 8 0 8 0 8 0 8 0 5 0 5 0 5 0 5 0 4 1 5 0 2 2 0 0 
STOCK 1 2 8 5 2 0 0 0 0 1 0 0 0 0 17 0 0 0 0 17 0 0 0 0 17 0 0 0 0 17 0 0 0 0 17 0 0 0 0 17 0 0 0 0 9 13 0 0 0 13 12 0 0 0 12 11 10 0 0 10 8 0 0 0 8 7 6 0 0 6 5 0 0 0 5 4 3 0 0 3 15 14 16 17 
STOCK 0 2 8 5 8 0 0 0 0 8 0 0 0 0 8 0 0 0 0 8 0 0 0 0 8 0 0 0 0 8 0 0 0 0 8 0 0 0 0 8 0 0 0 0 24 11 0 0 0 13 22 0 0 0 2 24 9 0 0 15 20 0 0 0 4 24 7 0 0 17 18 0 0 0 6 24 5 0 0 3 8 8 8 2 
