WAREHOUSE 1 1 8 3 5 0 0 5 4 0 4 3 0 3 0 0 3 2 0 7 9 0 9 8 1 1 6 0 
WAREHOUSE 0 1 8 3 14 0 0 6 8 0 12 2 0 14 0 0 4 10 0 9 5 0 3 8 3 5 2 0 
DISTRICT 1 1 8 3 6 0 0 6 5 0 5 4 0 4 3 0 3 8 11 11 10 9 9 2 1 1 7 0 
DISTRICT 0 1 8 3 16 0 0 4 12 0 8 8 0 12 4 0 6 9 1 7 8 1 7 8 1 7 2 0 
CUSTOMER_LAST 1 2 8 3 5 0 0 9 3 0 2 1 0 11 10 0 8 7 4 0 0 0 0 0 0 0 0 0 6 0 0 0 0 0 0 0 0 0 0 0 0 0 0 0 0 0 0 0 0 0 0 0 
CUSTOMER_LAST 0 2 8 3 16 0 0 8 8 0 8 8 0 8 8 0 8 2 2 0 0 0 0 0 0 0 0 0 2 0 0 0 0 0 0 0 0 0 0 0 0 0 0 0 0 0 0 0 0 0 0 0 
CUSTOMER_ID 1 2 8 3 5 0 0 9 3 0 2 1 0 11 10 0 8 7 4 0 0 0 0 0 0 0 0 0 6 0 0 0 0 0 0 0 0 0 0 0 0 0 0 0 0 0 0 0 0 0 0 0 
CUSTOMER_ID 0 2 8 3 16 0 0 8 8 0 8 8 0 8 8 0 8 2 2 0 0 0 0 0 0 0 0 0 2 0 0 0 0 0 0 0 0 0 0 0 0 0 0 0 0 0 0 0 0 0 0 0 
HISTORY 1 1 8 2 7 0 7 6 6 5 5 4 4 3 3 2 2 1 1 0 
HISTORY 0 1 8 2 7 0 1 6 2 5 3 4 4 3 5 2 6 1 7 0 
ITEM 1 2 8 2 4 0 1 0 5 0 5 0 5 0 5 0 5 0 5 0 3 0 3 0 3 0 3 0 3 2 2 0 2 5 0 0 
ITEM 0 2 8 2 8 0 8 0 8 0 8 0 8 0 8 0 8 0 8 0 5 0 5 0 5 0 5 0 4 1 5 0 2 2 0 0 
STOCK 1 1 8 1 2 1 4 3 0 0 0 0 
STOCK 0 1 8 1 8 8 8 8 0 0 0 0 
